# BOUNCE POSTURE DATA FILE 
# Units of measure: [rad], [mm] 

data; 
param Nsteps :=11;
param TotalTime :=7.2993;
# BODY INFO 
param body := 
1 78.0003
2 252.9819;
# D-H PARAMETERS OF THE ARM 
param alpha := 
1 1.5708
2 1.5708
3 -1.5708
4 1.5708
5 -1.5708
6 1.5708
7 -1.5708;
param a := 
1 0.0000
2 0.0000
3 0.0000
4 0.0000
5 0.0000
6 0.0000
7 0.0000;
param d := 
1 340.0000
2 0.0000
3 390.0000
4 0.0000
5 374.0000
6 0.0000
7 280.0000;
# DISTANCE HAND - TARGET
param dFH := -61333066927077769058604883941246897273671530172219054546791062367103927974020030250197118318879951459797075463876470676213541023905726471968482553571573151567107721178600629986175119133176933874983982949896899302105745978267865497086979665264447059580055414284963297116270335072127865137363689471174795853824.0000;
# INITIAL CONFIGURATION 
param thet_init := 
1 -1.29
2 -1.50
3 1.40
4 -1.84
5 -0.35
6 0.47
7 0.44
8 1.22
9 1.22;
param Hand_init := 
1 -701.28
2 351.26
3 1346.16;
param x_H_init := 
1 0.11
2 0.03
3 0.99;
param y_H_init := 
1 -0.00
2 1.00
3 -0.03;
param z_H_init := 
1 -0.99
2 0.00
3 0.11;
param Elbow_init := 
1 -107.54
2 417.67
3 1126.04;
param x_E_init := 
1 -0.95
2 -0.17
3 0.26;
param y_E_init := 
1 -0.14
2 0.98
3 0.11;
param z_E_init := 
1 -0.28
2 0.07
3 -0.96;
param Wrist_init := 
1 -107.54
2 350.82
3 1315.56;
param x_W_init := 
1 0.54
2 -0.36
3 0.76;
param y_W_init := 
1 0.05
2 0.92
3 0.40;
param z_W_init := 
1 -0.84
2 -0.18
3 0.51;
param swivel_init := 3.02;
# FINAL POSE 
param thet_final := 
1 -1.5260
2 -1.6406
3 1.6207
4 -0.9426
5 -0.1717
6 -0.5676
7 0.0556
8 1.2200
9 1.2200;
# FINAL FINGER JOINTS 
param joint_fingers := 
1 0.00
2 1.22
3 1.22
4 1.22;
# JOINT EXPENSE FACTORS 
param lambda := 
1 1.00
2 1.00
3 1.00
4 1.00
5 1.00
6 1.00
7 1.00
8 1.00
9 1.00;
# INITIAL GUESS 
var theta_b = 
1 -1.3295
2 -1.2382
3 1.6420
4 -1.7909
5 -0.3804
6 0.5008
7 0.4556
8 1.2208
9 1.2191;
# INITIAL VELOCITY 
param vel_0 := 
1 0.0000
2 0.0000
3 0.0000
4 0.0000
5 0.0000
6 0.0000
7 0.0000
8 0.0000
9 0.0000;
# INITIAL ACCELERATION 
param acc_0 := 
1 0.0000
2 0.0000
3 0.0000
4 0.0000
5 0.0000
6 0.0000
7 0.0000
8 0.0000
9 0.0000;
# FINAL VELOCITY 
param vel_f := 
1 0.0000
2 0.0000
3 0.0000
4 0.0000
5 0.0000
6 0.0000
7 0.0000
8 0.0000
9 0.0000;
# FINAL ACCELERATION 
param acc_f := 
1 0.0000
2 0.0000
3 0.0000
4 0.0000
5 0.0000
6 0.0000
7 0.0000
8 0.0000
9 0.0000;
# TB and PHI 
param TB := 0.5000;
param PHI := 1.0000;
# PARAMETERS OF THE HAND 
# R and J parameters 
param rk := 
1 -1
2 1
3 0;
param jk := 
1 -1
2 1
3 0;
param Aw :=25.00;
param A1 :=50.00;
param A2 :=70.00;
param A3 :=50.00;
param D3 :=9.50;
param phi_2 :=0.04;
param phi_3 :=0.87;
# OBSTACLES POSITION+RADIUS+ORIENTATION 
param Obstacles : 1 2 3 4 5 6 7 8 9 := 
1 -750.42 245.19 1094.15 250.00 25.00 250.00 1.56 0.04 -1.57  #Obstacle
  ;
 param n_Obstacles := 1;
# CONSTRAINTS LAGRANGE MULTIPLIERS 
param n_constr := 309; 
param dual_in := 
1 0.00000017
2 0.00000017
3 0.00000017
4 0.00000017
5 0.00000016
6 0.00000017
7 0.00000017
8 0.00000017
9 0.00000017
10 0.00000017
11 0.00000017
12 0.00000073
13 0.00000069
14 0.00000062
15 0.00000055
16 0.00000050
17 0.00000050
18 0.00000052
19 0.00000055
20 0.00000058
21 0.00000059
22 0.00000059
23 0.00000115
24 0.00000124
25 0.00000137
26 0.00000141
27 0.00000141
28 0.00000147
29 0.00000154
30 0.00000155
31 0.00000155
32 0.00000155
33 0.00000156
34 0.00000121
35 0.00000157
36 0.00000296
37 0.00000911
38 0.01584256
39 0.00004183
40 0.00000585
41 0.00000268
42 0.00000194
43 0.00000175
44 0.00000173
45 0.00000081
46 0.00000107
47 0.00000201
48 0.00000625
49 0.07744524
50 0.14006043
51 0.00000570
52 0.00000235
53 0.00000173
54 0.00000160
55 0.00000159
56 0.00000058
57 0.00000075
58 0.00000135
59 0.00000354
60 0.00001786
61 0.00002043
62 0.00000364
63 0.00000171
64 0.00000133
65 0.00000126
66 0.00000126
67 0.00000008
68 0.00000010
69 0.00000015
70 0.00000029
71 0.00000065
72 0.00000056
73 0.00000021
74 0.00000012
75 0.00000009
76 0.00000009
77 0.00000009
78 0.00000005
79 0.00000006
80 0.00000010
81 0.00000021
82 0.00000081
83 0.00000272
84 0.00000047
85 0.00000021
86 0.00000017
87 0.00000016
88 0.00000016
89 0.00000004
90 0.00000005
91 0.00000007
92 0.00000013
93 0.00000031
94 0.00000132
95 0.00000090
96 0.00000035
97 0.00000025
98 0.00000023
99 0.00000023
100 0.00000006
101 0.00000007
102 0.00000011
103 0.00000022
104 0.00000048
105 0.00000045
106 0.00000017
107 0.00000009
108 0.00000007
109 0.00000007
110 0.00000007
111 0.00000004
112 0.00000005
113 0.00000008
114 0.00000019
115 0.00000089
116 0.00000228
117 0.00000034
118 0.00000016
119 0.00000013
120 0.00000013
121 0.00000013
122 0.00000003
123 0.00000004
124 0.00000005
125 0.00000008
126 0.00000020
127 0.00000085
128 0.00000128
129 0.00000043
130 0.00000030
131 0.00000028
132 0.00000028
133 0.00000005
134 0.00000006
135 0.00000010
136 0.00000023
137 0.00000065
138 0.00000042
139 0.00000013
140 0.00000007
141 0.00000006
142 0.00000006
143 0.00000006
144 0.00000003
145 0.00000004
146 0.00000006
147 0.00000013
148 0.00000044
149 0.00000120
150 0.00000029
151 0.00000014
152 0.00000011
153 0.00000010
154 0.00000010
155 0.00000003
156 0.00000004
157 0.00000006
158 0.00000012
159 0.00000036
160 0.00000098
161 0.00000030
162 0.00000014
163 0.00000011
164 0.00000010
165 0.00000010
166 0.00000079
167 0.00000079
168 0.00000077
169 0.00000073
170 0.00000069
171 0.00000070
172 0.00000078
173 0.00000101
174 0.00000151
175 0.00000242
176 0.00000342
177 0.00000369
178 0.00000031
179 0.00000031
180 0.00000029
181 0.00000026
182 0.00000024
183 0.00000023
184 0.00000025
185 0.00000030
186 0.00000038
187 0.00000047
188 0.00000053
189 0.00000055
190 0.00000006
191 0.00000006
192 0.00000006
193 0.00000006
194 0.00000006
195 0.00000006
196 0.00000006
197 0.00000007
198 0.00000007
199 0.00000008
200 0.00000009
201 0.00000009
202 0.00000041
203 0.00000614
204 -0.00000062
205 0.00000862
206 0.00000010
207 -0.00000023
208 0.00000008
209 0.00000000
210 0.00000000
211 0.00000041
212 0.00000590
213 -0.00000063
214 0.00000811
215 0.00000009
216 -0.00000023
217 0.00000008
218 0.00000000
219 0.00000000
220 0.00000042
221 0.00000485
222 -0.00000068
223 0.00000603
224 0.00000009
225 -0.00000021
226 0.00000009
227 0.00000000
228 0.00000000
229 0.00000045
230 0.00000361
231 -0.00000079
232 0.00000382
233 0.00000008
234 -0.00000017
235 0.00000011
236 0.00000000
237 0.00000000
238 0.00000048
239 0.00000281
240 -0.00000095
241 0.00000239
242 0.00000007
243 -0.00000011
244 0.00000014
245 0.00000000
246 0.00000000
247 0.00000052
248 0.00000254
249 -0.00000111
250 0.00000158
251 0.00000006
252 -0.00000003
253 0.00000017
254 0.00000000
255 0.00000000
256 0.00000056
257 0.00000280
258 -0.00000118
259 0.00000111
260 0.00000004
261 0.00000005
262 0.00000021
263 0.00000000
264 0.00000000
265 0.00000059
266 0.00000390
267 -0.00000114
268 0.00000083
269 0.00000003
270 0.00000013
271 0.00000024
272 0.00000000
273 0.00000000
274 0.00000060
275 0.00000712
276 -0.00000103
277 0.00000066
278 0.00000002
279 0.00000020
280 0.00000028
281 0.00000000
282 0.00000000
283 0.00000061
284 0.00001954
285 -0.00000093
286 0.00000057
287 0.00000001
288 0.00000025
289 0.00000030
290 0.00000000
291 0.00000000
292 0.00000061
293 0.00013260
294 -0.00000088
295 0.00000053
296 0.00000001
297 0.00000028
298 0.00000031
299 0.00000000
300 0.00000000
301 0.00000061
302 99.99999958
303 -0.00000087
304 0.00000053
305 0.00000001
306 0.00000028
307 0.00000031
308 0.00000000
309 0.00000000; 
